Dot centers and radii:
1: -6.9282 6.35 1.375
2: -13.8564 2.35 1.375
3: -6.9282 -1.65 1.375
4: -13.8564 -5.65 1.375
5: -6.9282 -9.65 1.375
6: -13.8564 -13.65 1.375
7: -6.9282 -17.65 1.375
8: -13.8564 -21.65 1.375
9: -6.9282 -25.65 1.375
10: -13.8564 -29.65 1.375
11: -6.9282 -33.65 1.375
12: -13.8564 -37.65 1.375
13: -6.9282 -41.65 1.375
14: -13.8564 -45.65 1.375
15: -6.9282 -49.65 1.375
16: -13.8564 -53.65 1.375
17: -6.9282 -57.65 1.375
18: -13.8564 -61.65 1.375
19: -6.9282 -65.65 1.375
20: -13.8564 -69.65 1.375
21: -6.9282 -73.65 1.375
22: -13.8564 -77.65 1.375
23: -6.9282 -81.65 1.375
24: -13.8564 -85.65 1.375
25: -6.9282 -89.65 1.375
26: -13.8564 -93.65 1.375
27: -6.9282 -97.65 1.375
28: -13.8564 -101.65 1.375
29: -6.9282 -105.65 1.375
30: -13.8564 -109.65 1.375
31: -6.9282 -113.65 1.375
32: -13.8564 -117.65 1.375
33: -6.9282 -121.65 1.375
34: -13.8564 -125.65 1.375
35: -6.9282 -129.65 1.375
36: -13.8564 -133.65 1.375
37: -6.9282 -137.65 1.375
38: -13.8564 -141.65 1.375
39: -6.9282 -145.65 1.375
40: -13.8564 -149.65 1.375
41: -6.9282 -153.65 1.375
42: -13.8564 -157.65 1.375
43: -6.9282 -161.65 1.375
44: -13.8564 -165.65 1.375
45: -6.9282 -169.65 1.375
46: -13.8564 -173.65 1.375
47: -6.9282 -177.65 1.375
48: -13.8564 -181.65 1.375
49: -6.9282 -185.65 1.375
50: -13.8564 -189.65 1.375
51: -6.9282 -193.65 1.375
52: -13.8564 -197.65 1.375
53: -6.9282 -201.65 1.375
54: -13.8564 -205.65 1.375
55: -6.9282 -209.65 1.375
56: -13.8564 -213.65 1.375
57: -6.9282 -217.65 1.375
58: -20.7846 14.35 1.375
59: -27.7128 10.35 1.375
60: -20.7846 6.35 1.375
61: -27.7128 2.35 1.375
62: -20.7846 -1.65 1.375
63: -27.7128 -5.65 1.375
64: -20.7846 -9.65 1.375
65: -27.7128 -13.65 1.375
66: -20.7846 -17.65 1.375
67: -27.7128 -21.65 1.375
68: -20.7846 -25.65 1.375
69: -27.7128 -29.65 1.375
70: -20.7846 -33.65 1.375
71: -27.7128 -37.65 1.375
72: -20.7846 -41.65 1.375
73: -27.7128 -45.65 1.375
74: -20.7846 -49.65 1.375
75: -27.7128 -53.65 1.375
76: -20.7846 -57.65 1.375
77: -27.7128 -61.65 1.375
78: -20.7846 -65.65 1.375
79: -27.7128 -69.65 1.375
80: -20.7846 -73.65 1.375
81: -27.7128 -77.65 1.375
82: -20.7846 -81.65 1.375
83: -27.7128 -85.65 1.375
84: -20.7846 -89.65 1.375
85: -27.7128 -93.65 1.375
86: -20.7846 -97.65 1.375
87: -27.7128 -101.65 1.375
88: -20.7846 -105.65 1.375
89: -27.7128 -109.65 1.375
90: -20.7846 -113.65 1.375
91: -27.7128 -117.65 1.375
92: -20.7846 -121.65 1.375
93: -27.7128 -125.65 1.375
94: -20.7846 -129.65 1.375
95: -27.7128 -133.65 1.375
96: -20.7846 -137.65 1.375
97: -27.7128 -141.65 1.375
98: -20.7846 -145.65 1.375
99: -27.7128 -149.65 1.375
100: -20.7846 -153.65 1.375
101: -27.7128 -157.65 1.375
102: -20.7846 -161.65 1.375
103: -27.7128 -165.65 1.375
104: -20.7846 -169.65 1.375
105: -27.7128 -173.65 1.375
106: -20.7846 -177.65 1.375
107: -27.7128 -181.65 1.375
108: -20.7846 -185.65 1.375
109: -27.7128 -189.65 1.375
110: -20.7846 -193.65 1.375
111: -27.7128 -197.65 1.375
112: -20.7846 -201.65 1.375
113: -27.7128 -205.65 1.375
114: -20.7846 -209.65 1.375
115: -34.641 22.35 1.375
116: -41.5692 18.35 1.375
117: -34.641 14.35 1.375
118: -41.5692 10.35 1.375
119: -34.641 6.35 1.375
120: -41.5692 2.35 1.375
121: -34.641 -1.65 1.375
122: -41.5692 -5.65 1.375
123: -34.641 -9.65 1.375
124: -41.5692 -13.65 1.375
125: -34.641 -17.65 1.375
126: -41.5692 -21.65 1.375
127: -34.641 -25.65 1.375
128: -41.5692 -29.65 1.375
129: -34.641 -33.65 1.375
130: -41.5692 -37.65 1.375
131: -34.641 -41.65 1.375
132: -41.5692 -45.65 1.375
133: -34.641 -49.65 1.375
134: -41.5692 -53.65 1.375
135: -34.641 -57.65 1.375
136: -41.5692 -61.65 1.375
137: -34.641 -65.65 1.375
138: -41.5692 -69.65 1.375
139: -34.641 -73.65 1.375
140: -41.5692 -77.65 1.375
141: -34.641 -81.65 1.375
142: -41.5692 -85.65 1.375
143: -34.641 -89.65 1.375
144: -41.5692 -93.65 1.375
145: -34.641 -97.65 1.375
146: -41.5692 -101.65 1.375
147: -34.641 -105.65 1.375
148: -41.5692 -109.65 1.375
149: -34.641 -113.65 1.375
150: -41.5692 -117.65 1.375
151: -34.641 -121.65 1.375
152: -41.5692 -125.65 1.375
153: -34.641 -129.65 1.375
154: -41.5692 -133.65 1.375
155: -34.641 -137.65 1.375
156: -41.5692 -141.65 1.375
157: -34.641 -145.65 1.375
158: -41.5692 -149.65 1.375
159: -34.641 -153.65 1.375
160: -41.5692 -157.65 1.375
161: -34.641 -161.65 1.375
162: -41.5692 -165.65 1.375
163: -34.641 -169.65 1.375
164: -41.5692 -173.65 1.375
165: -34.641 -177.65 1.375
166: -41.5692 -181.65 1.375
167: -34.641 -185.65 1.375
168: -41.5692 -189.65 1.375
169: -34.641 -193.65 1.375
170: -41.5692 -197.65 1.375
171: -34.641 -201.65 1.375
172: -48.4974 30.35 1.375
173: -55.4256 26.35 1.375
174: -48.4974 22.35 1.375
175: -55.4256 18.35 1.375
176: -48.4974 14.35 1.375
177: -55.4256 10.35 1.375
178: -48.4974 6.35 1.375
179: -55.4256 2.35 1.375
180: -48.4974 -1.65 1.375
181: -55.4256 -5.65 1.375
182: -48.4974 -9.65 1.375
183: -55.4256 -13.65 1.375
184: -48.4974 -17.65 1.375
185: -55.4256 -21.65 1.375
186: -48.4974 -25.65 1.375
187: -55.4256 -29.65 1.375
188: -48.4974 -33.65 1.375
189: -55.4256 -37.65 1.375
190: -48.4974 -41.65 1.375
191: -55.4256 -45.65 1.375
192: -48.4974 -49.65 1.375
193: -55.4256 -53.65 1.375
194: -48.4974 -57.65 1.375
195: -55.4256 -61.65 1.375
196: -48.4974 -65.65 1.375
197: -55.4256 -69.65 1.375
198: -48.4974 -73.65 1.375
199: -55.4256 -77.65 1.375
200: -48.4974 -81.65 1.375
201: -55.4256 -85.65 1.375
202: -48.4974 -89.65 1.375
203: -55.4256 -93.65 1.375
204: -48.4974 -97.65 1.375
205: -55.4256 -101.65 1.375
206: -48.4974 -105.65 1.375
207: -55.4256 -109.65 1.375
208: -48.4974 -113.65 1.375
209: -55.4256 -117.65 1.375
210: -48.4974 -121.65 1.375
211: -55.4256 -125.65 1.375
212: -48.4974 -129.65 1.375
213: -55.4256 -133.65 1.375
214: -48.4974 -137.65 1.375
215: -55.4256 -141.65 1.375
216: -48.4974 -145.65 1.375
217: -55.4256 -149.65 1.375
218: -48.4974 -153.65 1.375
219: -55.4256 -157.65 1.375
220: -48.4974 -161.65 1.375
221: -55.4256 -165.65 1.375
222: -48.4974 -169.65 1.375
223: -55.4256 -173.65 1.375
224: -48.4974 -177.65 1.375
225: -55.4256 -181.65 1.375
226: -48.4974 -185.65 1.375
227: -55.4256 -189.65 1.375
228: -48.4974 -193.65 1.375
229: -62.3538 38.35 1.375
230: -69.282 34.35 1.375
231: -62.3538 30.35 1.375
232: -69.282 26.35 1.375
233: -62.3538 22.35 1.375
234: -69.282 18.35 1.375
235: -62.3538 14.35 1.375
236: -69.282 10.35 1.375
237: -62.3538 6.35 1.375
238: -69.282 2.35 1.375
239: -62.3538 -1.65 1.375
240: -69.282 -5.65 1.375
241: -62.3538 -9.65 1.375
242: -69.282 -13.65 1.375
243: -62.3538 -17.65 1.375
244: -69.282 -21.65 1.375
245: -62.3538 -25.65 1.375
246: -69.282 -29.65 1.375
247: -62.3538 -33.65 1.375
248: -69.282 -37.65 1.375
249: -62.3538 -41.65 1.375
250: -69.282 -45.65 1.375
251: -62.3538 -49.65 1.375
252: -69.282 -53.65 1.375
253: -62.3538 -57.65 1.375
254: -69.282 -61.65 1.375
255: -62.3538 -65.65 1.375
256: -69.282 -69.65 1.375
257: -62.3538 -73.65 1.375
258: -69.282 -77.65 1.375
259: -62.3538 -81.65 1.375
260: -69.282 -85.65 1.375
261: -62.3538 -89.65 1.375
262: -69.282 -93.65 1.375
263: -62.3538 -97.65 1.375
264: -69.282 -101.65 1.375
265: -62.3538 -105.65 1.375
266: -69.282 -109.65 1.375
267: -62.3538 -113.65 1.375
268: -69.282 -117.65 1.375
269: -62.3538 -121.65 1.375
270: -69.282 -125.65 1.375
271: -62.3538 -129.65 1.375
272: -69.282 -133.65 1.375
273: -62.3538 -137.65 1.375
274: -69.282 -141.65 1.375
275: -62.3538 -145.65 1.375
276: -69.282 -149.65 1.375
277: -62.3538 -153.65 1.375
278: -69.282 -157.65 1.375
279: -62.3538 -161.65 1.375
280: -69.282 -165.65 1.375
281: -62.3538 -169.65 1.375
282: -69.282 -173.65 1.375
283: -62.3538 -177.65 1.375
284: -69.282 -181.65 1.375
285: -62.3538 -185.65 1.375
286: -76.2102 46.35 1.375
287: -83.1384 42.35 1.375
288: -76.2102 38.35 1.375
289: -83.1384 34.35 1.375
290: -76.2102 30.35 1.375
291: -83.1384 26.35 1.375
292: -76.2102 22.35 1.375
293: -83.1384 18.35 1.375
294: -76.2102 14.35 1.375
295: -83.1384 10.35 1.375
296: -76.2102 6.35 1.375
297: -83.1384 2.35 1.375
298: -76.2102 -1.65 1.375
299: -83.1384 -5.65 1.375
300: -76.2102 -9.65 1.375
301: -83.1384 -13.65 1.375
302: -76.2102 -17.65 1.375
303: -83.1384 -21.65 1.375
304: -76.2102 -25.65 1.375
305: -83.1384 -29.65 1.375
306: -76.2102 -33.65 1.375
307: -83.1384 -37.65 1.375
308: -76.2102 -41.65 1.375
309: -83.1384 -45.65 1.375
310: -76.2102 -49.65 1.375
311: -83.1384 -53.65 1.375
312: -76.2102 -57.65 1.375
313: -83.1384 -61.65 1.375
314: -76.2102 -65.65 1.375
315: -83.1384 -69.65 1.375
316: -76.2102 -73.65 1.375
317: -83.1384 -77.65 1.375
318: -76.2102 -81.65 1.375
319: -83.1384 -85.65 1.375
320: -76.2102 -89.65 1.375
321: -83.1384 -93.65 1.375
322: -76.2102 -97.65 1.375
323: -83.1384 -101.65 1.375
324: -76.2102 -105.65 1.375
325: -83.1384 -109.65 1.375
326: -76.2102 -113.65 1.375
327: -83.1384 -117.65 1.375
328: -76.2102 -121.65 1.375
329: -83.1384 -125.65 1.375
330: -76.2102 -129.65 1.375
331: -83.1384 -133.65 1.375
332: -76.2102 -137.65 1.375
333: -83.1384 -141.65 1.375
334: -76.2102 -145.65 1.375
335: -83.1384 -149.65 1.375
336: -76.2102 -153.65 1.375
337: -83.1384 -157.65 1.375
338: -76.2102 -161.65 1.375
339: -83.1384 -165.65 1.375
340: -76.2102 -169.65 1.375
341: -83.1384 -173.65 1.375
342: -76.2102 -177.65 1.375
343: -90.0666 54.35 1.375
344: -96.9948 50.35 1.375
345: -90.0666 46.35 1.375
346: -96.9948 42.35 1.375
347: -90.0666 38.35 1.375
348: -96.9948 34.35 1.375
349: -90.0666 30.35 1.375
350: -96.9948 26.35 1.375
351: -90.0666 22.35 1.375
352: -96.9948 18.35 1.375
353: -90.0666 14.35 1.375
354: -96.9948 10.35 1.375
355: -90.0666 6.35 1.375
356: -96.9948 2.35 1.375
357: -90.0666 -1.65 1.375
358: -96.9948 -5.65 1.375
359: -90.0666 -9.65 1.375
360: -96.9948 -13.65 1.375
361: -90.0666 -17.65 1.375
362: -96.9948 -21.65 1.375
363: -90.0666 -25.65 1.375
364: -96.9948 -29.65 1.375
365: -90.0666 -33.65 1.375
366: -96.9948 -37.65 1.375
367: -90.0666 -41.65 1.375
368: -96.9948 -45.65 1.375
369: -90.0666 -49.65 1.375
370: -96.9948 -53.65 1.375
371: -90.0666 -57.65 1.375
372: -96.9948 -61.65 1.375
373: -90.0666 -65.65 1.375
374: -96.9948 -69.65 1.375
375: -90.0666 -73.65 1.375
376: -96.9948 -77.65 1.375
377: -90.0666 -81.65 1.375
378: -96.9948 -85.65 1.375
379: -90.0666 -89.65 1.375
380: -96.9948 -93.65 1.375
381: -90.0666 -97.65 1.375
382: -96.9948 -101.65 1.375
383: -90.0666 -105.65 1.375
384: -96.9948 -109.65 1.375
385: -90.0666 -113.65 1.375
386: -96.9948 -117.65 1.375
387: -90.0666 -121.65 1.375
388: -96.9948 -125.65 1.375
389: -90.0666 -129.65 1.375
390: -96.9948 -133.65 1.375
391: -90.0666 -137.65 1.375
392: -96.9948 -141.65 1.375
393: -90.0666 -145.65 1.375
394: -96.9948 -149.65 1.375
395: -90.0666 -153.65 1.375
396: -96.9948 -157.65 1.375
397: -90.0666 -161.65 1.375
398: -96.9948 -165.65 1.375
399: -90.0666 -169.65 1.375
400: -103.923 62.35 1.375
401: -110.851 58.35 1.375
402: -103.923 54.35 1.375
403: -110.851 50.35 1.375
404: -103.923 46.35 1.375
405: -110.851 42.35 1.375
406: -103.923 38.35 1.375
407: -110.851 34.35 1.375
408: -103.923 30.35 1.375
409: -110.851 26.35 1.375
410: -103.923 22.35 1.375
411: -110.851 18.35 1.375
412: -103.923 14.35 1.375
413: -110.851 10.35 1.375
414: -103.923 6.35 1.375
415: -110.851 2.35 1.375
416: -103.923 -1.65 1.375
417: -110.851 -5.65 1.375
418: -103.923 -9.65 1.375
419: -110.851 -13.65 1.375
420: -103.923 -17.65 1.375
421: -110.851 -21.65 1.375
422: -103.923 -25.65 1.375
423: -110.851 -29.65 1.375
424: -103.923 -33.65 1.375
425: -110.851 -37.65 1.375
426: -103.923 -41.65 1.375
427: -110.851 -45.65 1.375
428: -103.923 -49.65 1.375
429: -110.851 -53.65 1.375
430: -103.923 -57.65 1.375
431: -110.851 -61.65 1.375
432: -103.923 -65.65 1.375
433: -110.851 -69.65 1.375
434: -103.923 -73.65 1.375
435: -110.851 -77.65 1.375
436: -103.923 -81.65 1.375
437: -110.851 -85.65 1.375
438: -103.923 -89.65 1.375
439: -110.851 -93.65 1.375
440: -103.923 -97.65 1.375
441: -110.851 -101.65 1.375
442: -103.923 -105.65 1.375
443: -110.851 -109.65 1.375
444: -103.923 -113.65 1.375
445: -110.851 -117.65 1.375
446: -103.923 -121.65 1.375
447: -110.851 -125.65 1.375
448: -103.923 -129.65 1.375
449: -110.851 -133.65 1.375
450: -103.923 -137.65 1.375
451: -110.851 -141.65 1.375
452: -103.923 -145.65 1.375
453: -110.851 -149.65 1.375
454: -103.923 -153.65 1.375
455: -110.851 -157.65 1.375
456: -103.923 -161.65 1.375
457: -117.779 70.35 1.375
458: -124.708 66.35 1.375
459: -117.779 62.35 1.375
460: -124.708 58.35 1.375
461: -117.779 54.35 1.375
462: -124.708 50.35 1.375
463: -117.779 46.35 1.375
464: -124.708 42.35 1.375
465: -117.779 38.35 1.375
466: -124.708 34.35 1.375
467: -117.779 30.35 1.375
468: -124.708 26.35 1.375
469: -117.779 22.35 1.375
470: -124.708 18.35 1.375
471: -117.779 14.35 1.375
472: -124.708 10.35 1.375
473: -117.779 6.35 1.375
474: -124.708 2.35 1.375
475: -117.779 -1.65 1.375
476: -124.708 -5.65 1.375
477: -117.779 -9.65 1.375
478: -124.708 -13.65 1.375
479: -117.779 -17.65 1.375
480: -124.708 -21.65 1.375
481: -117.779 -25.65 1.375
482: -124.708 -29.65 1.375
483: -117.779 -33.65 1.375
484: -124.708 -37.65 1.375
485: -117.779 -41.65 1.375
486: -124.708 -45.65 1.375
487: -117.779 -49.65 1.375
488: -124.708 -53.65 1.375
489: -117.779 -57.65 1.375
490: -124.708 -61.65 1.375
491: -117.779 -65.65 1.375
492: -124.708 -69.65 1.375
493: -117.779 -73.65 1.375
494: -124.708 -77.65 1.375
495: -117.779 -81.65 1.375
496: -124.708 -85.65 1.375
497: -117.779 -89.65 1.375
498: -124.708 -93.65 1.375
499: -117.779 -97.65 1.375
500: -124.708 -101.65 1.375
501: -117.779 -105.65 1.375
502: -124.708 -109.65 1.375
503: -117.779 -113.65 1.375
504: -124.708 -117.65 1.375
505: -117.779 -121.65 1.375
506: -124.708 -125.65 1.375
507: -117.779 -129.65 1.375
508: -124.708 -133.65 1.375
509: -117.779 -137.65 1.375
510: -124.708 -141.65 1.375
511: -117.779 -145.65 1.375
512: -124.708 -149.65 1.375
513: -117.779 -153.65 1.375
514: -131.636 78.35 1.375
515: -138.564 74.35 1.375
516: -131.636 70.35 1.375
517: -138.564 66.35 1.375
518: -131.636 62.35 1.375
519: -138.564 58.35 1.375
520: -131.636 54.35 1.375
521: -138.564 50.35 1.375
522: -131.636 46.35 1.375
523: -138.564 42.35 1.375
524: -131.636 38.35 1.375
525: -138.564 34.35 1.375
526: -131.636 30.35 1.375
527: -138.564 26.35 1.375
528: -131.636 22.35 1.375
529: -138.564 18.35 1.375
530: -131.636 14.35 1.375
531: -138.564 10.35 1.375
532: -131.636 6.35 1.375
533: -138.564 2.35 1.375
534: -131.636 -1.65 1.375
535: -138.564 -5.65 1.375
536: -131.636 -9.65 1.375
537: -138.564 -13.65 1.375
538: -131.636 -17.65 1.375
539: -138.564 -21.65 1.375
540: -131.636 -25.65 1.375
541: -138.564 -29.65 1.375
542: -131.636 -33.65 1.375
543: -138.564 -37.65 1.375
544: -131.636 -41.65 1.375
545: -138.564 -45.65 1.375
546: -131.636 -49.65 1.375
547: -138.564 -53.65 1.375
548: -131.636 -57.65 1.375
549: -138.564 -61.65 1.375
550: -131.636 -65.65 1.375
551: -138.564 -69.65 1.375
552: -131.636 -73.65 1.375
553: -138.564 -77.65 1.375
554: -131.636 -81.65 1.375
555: -138.564 -85.65 1.375
556: -131.636 -89.65 1.375
557: -138.564 -93.65 1.375
558: -131.636 -97.65 1.375
559: -138.564 -101.65 1.375
560: -131.636 -105.65 1.375
561: -138.564 -109.65 1.375
562: -131.636 -113.65 1.375
563: -138.564 -117.65 1.375
564: -131.636 -121.65 1.375
565: -138.564 -125.65 1.375
566: -131.636 -129.65 1.375
567: -138.564 -133.65 1.375
568: -131.636 -137.65 1.375
569: -138.564 -141.65 1.375
570: -131.636 -145.65 1.375
571: -145.492 86.35 1.375
572: -152.42 82.35 1.375
573: -145.492 78.35 1.375
574: -152.42 74.35 1.375
575: -145.492 70.35 1.375
576: -152.42 66.35 1.375
577: -145.492 62.35 1.375
578: -152.42 58.35 1.375
579: -145.492 54.35 1.375
580: -152.42 50.35 1.375
581: -145.492 46.35 1.375
582: -152.42 42.35 1.375
583: -145.492 38.35 1.375
584: -152.42 34.35 1.375
585: -145.492 30.35 1.375
586: -152.42 26.35 1.375
587: -145.492 22.35 1.375
588: -152.42 18.35 1.375
589: -145.492 14.35 1.375
590: -152.42 10.35 1.375
591: -145.492 6.35 1.375
592: -152.42 2.35 1.375
593: -145.492 -1.65 1.375
594: -152.42 -5.65 1.375
595: -145.492 -9.65 1.375
596: -152.42 -13.65 1.375
597: -145.492 -17.65 1.375
598: -152.42 -21.65 1.375
599: -145.492 -25.65 1.375
600: -152.42 -29.65 1.375
601: -145.492 -33.65 1.375
602: -152.42 -37.65 1.375
603: -145.492 -41.65 1.375
604: -152.42 -45.65 1.375
605: -145.492 -49.65 1.375
606: -152.42 -53.65 1.375
607: -145.492 -57.65 1.375
608: -152.42 -61.65 1.375
609: -145.492 -65.65 1.375
610: -152.42 -69.65 1.375
611: -145.492 -73.65 1.375
612: -152.42 -77.65 1.375
613: -145.492 -81.65 1.375
614: -152.42 -85.65 1.375
615: -145.492 -89.65 1.375
616: -152.42 -93.65 1.375
617: -145.492 -97.65 1.375
618: -152.42 -101.65 1.375
619: -145.492 -105.65 1.375
620: -152.42 -109.65 1.375
621: -145.492 -113.65 1.375
622: -152.42 -117.65 1.375
623: -145.492 -121.65 1.375
624: -152.42 -125.65 1.375
625: -145.492 -129.65 1.375
626: -152.42 -133.65 1.375
627: -145.492 -137.65 1.375
628: -159.349 94.35 1.375
629: -166.277 90.35 1.375
630: -159.349 86.35 1.375
631: -166.277 82.35 1.375
632: -159.349 78.35 1.375
633: -166.277 74.35 1.375
634: -159.349 70.35 1.375
635: -166.277 66.35 1.375
636: -159.349 62.35 1.375
637: -166.277 58.35 1.375
638: -159.349 54.35 1.375
639: -166.277 50.35 1.375
640: -159.349 46.35 1.375
641: -166.277 42.35 1.375
642: -159.349 38.35 1.375
643: -166.277 34.35 1.375
644: -159.349 30.35 1.375
645: -166.277 26.35 1.375
646: -159.349 22.35 1.375
647: -166.277 18.35 1.375
648: -159.349 14.35 1.375
649: -166.277 10.35 1.375
650: -159.349 6.35 1.375
651: -166.277 2.35 1.375
652: -159.349 -1.65 1.375
653: -166.277 -5.65 1.375
654: -159.349 -9.65 1.375
655: -166.277 -13.65 1.375
656: -159.349 -17.65 1.375
657: -166.277 -21.65 1.375
658: -159.349 -25.65 1.375
659: -166.277 -29.65 1.375
660: -159.349 -33.65 1.375
661: -166.277 -37.65 1.375
662: -159.349 -41.65 1.375
663: -166.277 -45.65 1.375
664: -159.349 -49.65 1.375
665: -166.277 -53.65 1.375
666: -159.349 -57.65 1.375
667: -166.277 -61.65 1.375
668: -159.349 -65.65 1.375
669: -166.277 -69.65 1.375
670: -159.349 -73.65 1.375
671: -166.277 -77.65 1.375
672: -159.349 -81.65 1.375
673: -166.277 -85.65 1.375
674: -159.349 -89.65 1.375
675: -166.277 -93.65 1.375
676: -159.349 -97.65 1.375
677: -166.277 -101.65 1.375
678: -159.349 -105.65 1.375
679: -166.277 -109.65 1.375
680: -159.349 -113.65 1.375
681: -166.277 -117.65 1.375
682: -159.349 -121.65 1.375
683: -166.277 -125.65 1.375
684: -159.349 -129.65 1.375
685: -173.205 102.35 1.375
686: -180.133 98.35 1.375
687: -173.205 94.35 1.375
688: -180.133 90.35 1.375
689: -173.205 86.35 1.375
690: -180.133 82.35 1.375
691: -173.205 78.35 1.375
692: -180.133 74.35 1.375
693: -173.205 70.35 1.375
694: -180.133 66.35 1.375
695: -173.205 62.35 1.375
696: -180.133 58.35 1.375
697: -173.205 54.35 1.375
698: -180.133 50.35 1.375
699: -173.205 46.35 1.375
700: -180.133 42.35 1.375
701: -173.205 38.35 1.375
702: -180.133 34.35 1.375
703: -173.205 30.35 1.375
704: -180.133 26.35 1.375
705: -173.205 22.35 1.375
706: -180.133 18.35 1.375
707: -173.205 14.35 1.375
708: -180.133 10.35 1.375
709: -173.205 6.35 1.375
710: -180.133 2.35 1.375
711: -173.205 -1.65 1.375
712: -180.133 -5.65 1.375
713: -173.205 -9.65 1.375
714: -180.133 -13.65 1.375
715: -173.205 -17.65 1.375
716: -180.133 -21.65 1.375
717: -173.205 -25.65 1.375
718: -180.133 -29.65 1.375
719: -173.205 -33.65 1.375
720: -180.133 -37.65 1.375
721: -173.205 -41.65 1.375
722: -180.133 -45.65 1.375
723: -173.205 -49.65 1.375
724: -180.133 -53.65 1.375
725: -173.205 -57.65 1.375
726: -180.133 -61.65 1.375
727: -173.205 -65.65 1.375
728: -180.133 -69.65 1.375
729: -173.205 -73.65 1.375
730: -180.133 -77.65 1.375
731: -173.205 -81.65 1.375
732: -180.133 -85.65 1.375
733: -173.205 -89.65 1.375
734: -180.133 -93.65 1.375
735: -173.205 -97.65 1.375
736: -180.133 -101.65 1.375
737: -173.205 -105.65 1.375
738: -180.133 -109.65 1.375
739: -173.205 -113.65 1.375
740: -180.133 -117.65 1.375
741: -173.205 -121.65 1.375
742: -187.061 110.35 1.375
743: -193.99 106.35 1.375
744: -187.061 102.35 1.375
745: -193.99 98.35 1.375
746: -187.061 94.35 1.375
747: -193.99 90.35 1.375
748: -187.061 86.35 1.375
749: -193.99 82.35 1.375
750: -187.061 78.35 1.375
751: -193.99 74.35 1.375
752: -187.061 70.35 1.375
753: -193.99 66.35 1.375
754: -187.061 62.35 1.375
755: -193.99 58.35 1.375
756: -187.061 54.35 1.375
757: -193.99 50.35 1.375
758: -187.061 46.35 1.375
759: -193.99 42.35 1.375
760: -187.061 38.35 1.375
761: -193.99 34.35 1.375
762: -187.061 30.35 1.375
763: -193.99 26.35 1.375
764: -187.061 22.35 1.375
765: -193.99 18.35 1.375
766: -187.061 14.35 1.375
767: -193.99 10.35 1.375
768: -187.061 6.35 1.375
769: -193.99 2.35 1.375
770: -187.061 -1.65 1.375
771: -193.99 -5.65 1.375
772: -187.061 -9.65 1.375
773: -193.99 -13.65 1.375
774: -187.061 -17.65 1.375
775: -193.99 -21.65 1.375
776: -187.061 -25.65 1.375
777: -193.99 -29.65 1.375
778: -187.061 -33.65 1.375
779: -193.99 -37.65 1.375
780: -187.061 -41.65 1.375
781: -193.99 -45.65 1.375
782: -187.061 -49.65 1.375
783: -193.99 -53.65 1.375
784: -187.061 -57.65 1.375
785: -193.99 -61.65 1.375
786: -187.061 -65.65 1.375
787: -193.99 -69.65 1.375
788: -187.061 -73.65 1.375
789: -193.99 -77.65 1.375
790: -187.061 -81.65 1.375
791: -193.99 -85.65 1.375
792: -187.061 -89.65 1.375
793: -193.99 -93.65 1.375
794: -187.061 -97.65 1.375
795: -193.99 -101.65 1.375
796: -187.061 -105.65 1.375
797: -193.99 -109.65 1.375
798: -187.061 -113.65 1.375
799: 6.9282 6.35 1.375
800: 6.9282 14.35 1.375
801: 0 10.35 1.375
802: 0 18.35 1.375
803: -6.9282 14.35 1.375
804: -6.9282 22.35 1.375
805: -13.8564 18.35 1.375
806: -13.8564 26.35 1.375
807: -20.7846 22.35 1.375
808: -20.7846 30.35 1.375
809: -27.7128 26.35 1.375
810: -27.7128 34.35 1.375
811: -34.641 30.35 1.375
812: -34.641 38.35 1.375
813: -41.5692 34.35 1.375
814: -41.5692 42.35 1.375
815: -48.4974 38.35 1.375
816: -48.4974 46.35 1.375
817: -55.4256 42.35 1.375
818: -55.4256 50.35 1.375
819: -62.3538 46.35 1.375
820: -62.3538 54.35 1.375
821: -69.282 50.35 1.375
822: -69.282 58.35 1.375
823: -76.2102 54.35 1.375
824: -76.2102 62.35 1.375
825: -83.1384 58.35 1.375
826: -83.1384 66.35 1.375
827: -90.0666 62.35 1.375
828: -90.0666 70.35 1.375
829: -96.9948 66.35 1.375
830: -96.9948 74.35 1.375
831: -103.923 70.35 1.375
832: -103.923 78.35 1.375
833: -110.851 74.35 1.375
834: -110.851 82.35 1.375
835: -117.779 78.35 1.375
836: -117.779 86.35 1.375
837: -124.708 82.35 1.375
838: -124.708 90.35 1.375
839: -131.636 86.35 1.375
840: -131.636 94.35 1.375
841: -138.564 90.35 1.375
842: -138.564 98.35 1.375
843: -145.492 94.35 1.375
844: -145.492 102.35 1.375
845: -152.42 98.35 1.375
846: -152.42 106.35 1.375
847: -159.349 102.35 1.375
848: -159.349 110.35 1.375
849: -166.277 106.35 1.375
850: -166.277 114.35 1.375
851: -173.205 110.35 1.375
852: -173.205 118.35 1.375
853: -180.133 114.35 1.375
854: -180.133 122.35 1.375
855: -187.061 118.35 1.375
856: 20.7846 14.35 1.375
857: 20.7846 22.35 1.375
858: 13.8564 18.35 1.375
859: 13.8564 26.35 1.375
860: 6.9282 22.35 1.375
861: 6.9282 30.35 1.375
862: 0 26.35 1.375
863: 0 34.35 1.375
864: -6.9282 30.35 1.375
865: -6.9282 38.35 1.375
866: -13.8564 34.35 1.375
867: -13.8564 42.35 1.375
868: -20.7846 38.35 1.375
869: -20.7846 46.35 1.375
870: -27.7128 42.35 1.375
871: -27.7128 50.35 1.375
872: -34.641 46.35 1.375
873: -34.641 54.35 1.375
874: -41.5692 50.35 1.375
875: -41.5692 58.35 1.375
876: -48.4974 54.35 1.375
877: -48.4974 62.35 1.375
878: -55.4256 58.35 1.375
879: -55.4256 66.35 1.375
880: -62.3538 62.35 1.375
881: -62.3538 70.35 1.375
882: -69.282 66.35 1.375
883: -69.282 74.35 1.375
884: -76.2102 70.35 1.375
885: -76.2102 78.35 1.375
886: -83.1384 74.35 1.375
887: -83.1384 82.35 1.375
888: -90.0666 78.35 1.375
889: -90.0666 86.35 1.375
890: -96.9948 82.35 1.375
891: -96.9948 90.35 1.375
892: -103.923 86.35 1.375
893: -103.923 94.35 1.375
894: -110.851 90.35 1.375
895: -110.851 98.35 1.375
896: -117.779 94.35 1.375
897: -117.779 102.35 1.375
898: -124.708 98.35 1.375
899: -124.708 106.35 1.375
900: -131.636 102.35 1.375
901: -131.636 110.35 1.375
902: -138.564 106.35 1.375
903: -138.564 114.35 1.375
904: -145.492 110.35 1.375
905: -145.492 118.35 1.375
906: -152.42 114.35 1.375
907: -152.42 122.35 1.375
908: -159.349 118.35 1.375
909: -159.349 126.35 1.375
910: -166.277 122.35 1.375
911: -166.277 130.35 1.375
912: -173.205 126.35 1.375
913: 34.641 22.35 1.375
914: 34.641 30.35 1.375
915: 27.7128 26.35 1.375
916: 27.7128 34.35 1.375
917: 20.7846 30.35 1.375
918: 20.7846 38.35 1.375
919: 13.8564 34.35 1.375
920: 13.8564 42.35 1.375
921: 6.9282 38.35 1.375
922: 6.9282 46.35 1.375
923: 0 42.35 1.375
924: 0 50.35 1.375
925: -6.9282 46.35 1.375
926: -6.9282 54.35 1.375
927: -13.8564 50.35 1.375
928: -13.8564 58.35 1.375
929: -20.7846 54.35 1.375
930: -20.7846 62.35 1.375
931: -27.7128 58.35 1.375
932: -27.7128 66.35 1.375
933: -34.641 62.35 1.375
934: -34.641 70.35 1.375
935: -41.5692 66.35 1.375
936: -41.5692 74.35 1.375
937: -48.4974 70.35 1.375
938: -48.4974 78.35 1.375
939: -55.4256 74.35 1.375
940: -55.4256 82.35 1.375
941: -62.3538 78.35 1.375
942: -62.3538 86.35 1.375
943: -69.282 82.35 1.375
944: -69.282 90.35 1.375
945: -76.2102 86.35 1.375
946: -76.2102 94.35 1.375
947: -83.1384 90.35 1.375
948: -83.1384 98.35 1.375
949: -90.0666 94.35 1.375
950: -90.0666 102.35 1.375
951: -96.9948 98.35 1.375
952: -96.9948 106.35 1.375
953: -103.923 102.35 1.375
954: -103.923 110.35 1.375
955: -110.851 106.35 1.375
956: -110.851 114.35 1.375
957: -117.779 110.35 1.375
958: -117.779 118.35 1.375
959: -124.708 114.35 1.375
960: -124.708 122.35 1.375
961: -131.636 118.35 1.375
962: -131.636 126.35 1.375
963: -138.564 122.35 1.375
964: -138.564 130.35 1.375
965: -145.492 126.35 1.375
966: -145.492 134.35 1.375
967: -152.42 130.35 1.375
968: -152.42 138.35 1.375
969: -159.349 134.35 1.375
970: 48.4974 30.35 1.375
971: 48.4974 38.35 1.375
972: 41.5692 34.35 1.375
973: 41.5692 42.35 1.375
974: 34.641 38.35 1.375
975: 34.641 46.35 1.375
976: 27.7128 42.35 1.375
977: 27.7128 50.35 1.375
978: 20.7846 46.35 1.375
979: 20.7846 54.35 1.375
980: 13.8564 50.35 1.375
981: 13.8564 58.35 1.375
982: 6.9282 54.35 1.375
983: 6.9282 62.35 1.375
984: 0 58.35 1.375
985: 0 66.35 1.375
986: -6.9282 62.35 1.375
987: -6.9282 70.35 1.375
988: -13.8564 66.35 1.375
989: -13.8564 74.35 1.375
990: -20.7846 70.35 1.375
991: -20.7846 78.35 1.375
992: -27.7128 74.35 1.375
993: -27.7128 82.35 1.375
994: -34.641 78.35 1.375
995: -34.641 86.35 1.375
996: -41.5692 82.35 1.375
997: -41.5692 90.35 1.375
998: -48.4974 86.35 1.375
999: -48.4974 94.35 1.375
1000: -55.4256 90.35 1.375
1001: -55.4256 98.35 1.375
1002: -62.3538 94.35 1.375
1003: -62.3538 102.35 1.375
1004: -69.282 98.35 1.375
1005: -69.282 106.35 1.375
1006: -76.2102 102.35 1.375
1007: -76.2102 110.35 1.375
1008: -83.1384 106.35 1.375
1009: -83.1384 114.35 1.375
1010: -90.0666 110.35 1.375
1011: -90.0666 118.35 1.375
1012: -96.9948 114.35 1.375
1013: -96.9948 122.35 1.375
1014: -103.923 118.35 1.375
1015: -103.923 126.35 1.375
1016: -110.851 122.35 1.375
1017: -110.851 130.35 1.375
1018: -117.779 126.35 1.375
1019: -117.779 134.35 1.375
1020: -124.708 130.35 1.375
1021: -124.708 138.35 1.375
1022: -131.636 134.35 1.375
1023: -131.636 142.35 1.375
1024: -138.564 138.35 1.375
1025: -138.564 146.35 1.375
1026: -145.492 142.35 1.375
1027: 62.3538 38.35 1.375
1028: 62.3538 46.35 1.375
1029: 55.4256 42.35 1.375
1030: 55.4256 50.35 1.375
1031: 48.4974 46.35 1.375
1032: 48.4974 54.35 1.375
1033: 41.5692 50.35 1.375
1034: 41.5692 58.35 1.375
1035: 34.641 54.35 1.375
1036: 34.641 62.35 1.375
1037: 27.7128 58.35 1.375
1038: 27.7128 66.35 1.375
1039: 20.7846 62.35 1.375
1040: 20.7846 70.35 1.375
1041: 13.8564 66.35 1.375
1042: 13.8564 74.35 1.375
1043: 6.9282 70.35 1.375
1044: 6.9282 78.35 1.375
1045: 0 74.35 1.375
1046: 0 82.35 1.375
1047: -6.9282 78.35 1.375
1048: -6.9282 86.35 1.375
1049: -13.8564 82.35 1.375
1050: -13.8564 90.35 1.375
1051: -20.7846 86.35 1.375
1052: -20.7846 94.35 1.375
1053: -27.7128 90.35 1.375
1054: -27.7128 98.35 1.375
1055: -34.641 94.35 1.375
1056: -34.641 102.35 1.375
1057: -41.5692 98.35 1.375
1058: -41.5692 106.35 1.375
1059: -48.4974 102.35 1.375
1060: -48.4974 110.35 1.375
1061: -55.4256 106.35 1.375
1062: -55.4256 114.35 1.375
1063: -62.3538 110.35 1.375
1064: -62.3538 118.35 1.375
1065: -69.282 114.35 1.375
1066: -69.282 122.35 1.375
1067: -76.2102 118.35 1.375
1068: -76.2102 126.35 1.375
1069: -83.1384 122.35 1.375
1070: -83.1384 130.35 1.375
1071: -90.0666 126.35 1.375
1072: -90.0666 134.35 1.375
1073: -96.9948 130.35 1.375
1074: -96.9948 138.35 1.375
1075: -103.923 134.35 1.375
1076: -103.923 142.35 1.375
1077: -110.851 138.35 1.375
1078: -110.851 146.35 1.375
1079: -117.779 142.35 1.375
1080: -117.779 150.35 1.375
1081: -124.708 146.35 1.375
1082: -124.708 154.35 1.375
1083: -131.636 150.35 1.375
1084: 76.2102 46.35 1.375
1085: 76.2102 54.35 1.375
1086: 69.282 50.35 1.375
1087: 69.282 58.35 1.375
1088: 62.3538 54.35 1.375
1089: 62.3538 62.35 1.375
1090: 55.4256 58.35 1.375
1091: 55.4256 66.35 1.375
1092: 48.4974 62.35 1.375
1093: 48.4974 70.35 1.375
1094: 41.5692 66.35 1.375
1095: 41.5692 74.35 1.375
1096: 34.641 70.35 1.375
1097: 34.641 78.35 1.375
1098: 27.7128 74.35 1.375
1099: 27.7128 82.35 1.375
1100: 20.7846 78.35 1.375
1101: 20.7846 86.35 1.375
1102: 13.8564 82.35 1.375
1103: 13.8564 90.35 1.375
1104: 6.9282 86.35 1.375
1105: 6.9282 94.35 1.375
1106: 0 90.35 1.375
1107: 0 98.35 1.375
1108: -6.9282 94.35 1.375
1109: -6.9282 102.35 1.375
1110: -13.8564 98.35 1.375
1111: -13.8564 106.35 1.375
1112: -20.7846 102.35 1.375
1113: -20.7846 110.35 1.375
1114: -27.7128 106.35 1.375
1115: -27.7128 114.35 1.375
1116: -34.641 110.35 1.375
1117: -34.641 118.35 1.375
1118: -41.5692 114.35 1.375
1119: -41.5692 122.35 1.375
1120: -48.4974 118.35 1.375
1121: -48.4974 126.35 1.375
1122: -55.4256 122.35 1.375
1123: -55.4256 130.35 1.375
1124: -62.3538 126.35 1.375
1125: -62.3538 134.35 1.375
1126: -69.282 130.35 1.375
1127: -69.282 138.35 1.375
1128: -76.2102 134.35 1.375
1129: -76.2102 142.35 1.375
1130: -83.1384 138.35 1.375
1131: -83.1384 146.35 1.375
1132: -90.0666 142.35 1.375
1133: -90.0666 150.35 1.375
1134: -96.9948 146.35 1.375
1135: -96.9948 154.35 1.375
1136: -103.923 150.35 1.375
1137: -103.923 158.35 1.375
1138: -110.851 154.35 1.375
1139: -110.851 162.35 1.375
1140: -117.779 158.35 1.375
1141: 90.0666 54.35 1.375
1142: 90.0666 62.35 1.375
1143: 83.1384 58.35 1.375
1144: 83.1384 66.35 1.375
1145: 76.2102 62.35 1.375
1146: 76.2102 70.35 1.375
1147: 69.282 66.35 1.375
1148: 69.282 74.35 1.375
1149: 62.3538 70.35 1.375
1150: 62.3538 78.35 1.375
1151: 55.4256 74.35 1.375
1152: 55.4256 82.35 1.375
1153: 48.4974 78.35 1.375
1154: 48.4974 86.35 1.375
1155: 41.5692 82.35 1.375
1156: 41.5692 90.35 1.375
1157: 34.641 86.35 1.375
1158: 34.641 94.35 1.375
1159: 27.7128 90.35 1.375
1160: 27.7128 98.35 1.375
1161: 20.7846 94.35 1.375
1162: 20.7846 102.35 1.375
1163: 13.8564 98.35 1.375
1164: 13.8564 106.35 1.375
1165: 6.9282 102.35 1.375
1166: 6.9282 110.35 1.375
1167: 0 106.35 1.375
1168: 0 114.35 1.375
1169: -6.9282 110.35 1.375
1170: -6.9282 118.35 1.375
1171: -13.8564 114.35 1.375
1172: -13.8564 122.35 1.375
1173: -20.7846 118.35 1.375
1174: -20.7846 126.35 1.375
1175: -27.7128 122.35 1.375
1176: -27.7128 130.35 1.375
1177: -34.641 126.35 1.375
1178: -34.641 134.35 1.375
1179: -41.5692 130.35 1.375
1180: -41.5692 138.35 1.375
1181: -48.4974 134.35 1.375
1182: -48.4974 142.35 1.375
1183: -55.4256 138.35 1.375
1184: -55.4256 146.35 1.375
1185: -62.3538 142.35 1.375
1186: -62.3538 150.35 1.375
1187: -69.282 146.35 1.375
1188: -69.282 154.35 1.375
1189: -76.2102 150.35 1.375
1190: -76.2102 158.35 1.375
1191: -83.1384 154.35 1.375
1192: -83.1384 162.35 1.375
1193: -90.0666 158.35 1.375
1194: -90.0666 166.35 1.375
1195: -96.9948 162.35 1.375
1196: -96.9948 170.35 1.375
1197: -103.923 166.35 1.375
1198: 103.923 62.35 1.375
1199: 103.923 70.35 1.375
1200: 96.9948 66.35 1.375
1201: 96.9948 74.35 1.375
1202: 90.0666 70.35 1.375
1203: 90.0666 78.35 1.375
1204: 83.1384 74.35 1.375
1205: 83.1384 82.35 1.375
1206: 76.2102 78.35 1.375
1207: 76.2102 86.35 1.375
1208: 69.282 82.35 1.375
1209: 69.282 90.35 1.375
1210: 62.3538 86.35 1.375
1211: 62.3538 94.35 1.375
1212: 55.4256 90.35 1.375
1213: 55.4256 98.35 1.375
1214: 48.4974 94.35 1.375
1215: 48.4974 102.35 1.375
1216: 41.5692 98.35 1.375
1217: 41.5692 106.35 1.375
1218: 34.641 102.35 1.375
1219: 34.641 110.35 1.375
1220: 27.7128 106.35 1.375
1221: 27.7128 114.35 1.375
1222: 20.7846 110.35 1.375
1223: 20.7846 118.35 1.375
1224: 13.8564 114.35 1.375
1225: 13.8564 122.35 1.375
1226: 6.9282 118.35 1.375
1227: 6.9282 126.35 1.375
1228: 0 122.35 1.375
1229: 0 130.35 1.375
1230: -6.9282 126.35 1.375
1231: -6.9282 134.35 1.375
1232: -13.8564 130.35 1.375
1233: -13.8564 138.35 1.375
1234: -20.7846 134.35 1.375
1235: -20.7846 142.35 1.375
1236: -27.7128 138.35 1.375
1237: -27.7128 146.35 1.375
1238: -34.641 142.35 1.375
1239: -34.641 150.35 1.375
1240: -41.5692 146.35 1.375
1241: -41.5692 154.35 1.375
1242: -48.4974 150.35 1.375
1243: -48.4974 158.35 1.375
1244: -55.4256 154.35 1.375
1245: -55.4256 162.35 1.375
1246: -62.3538 158.35 1.375
1247: -62.3538 166.35 1.375
1248: -69.282 162.35 1.375
1249: -69.282 170.35 1.375
1250: -76.2102 166.35 1.375
1251: -76.2102 174.35 1.375
1252: -83.1384 170.35 1.375
1253: -83.1384 178.35 1.375
1254: -90.0666 174.35 1.375
1255: 117.779 70.35 1.375
1256: 117.779 78.35 1.375
1257: 110.851 74.35 1.375
1258: 110.851 82.35 1.375
1259: 103.923 78.35 1.375
1260: 103.923 86.35 1.375
1261: 96.9948 82.35 1.375
1262: 96.9948 90.35 1.375
1263: 90.0666 86.35 1.375
1264: 90.0666 94.35 1.375
1265: 83.1384 90.35 1.375
1266: 83.1384 98.35 1.375
1267: 76.2102 94.35 1.375
1268: 76.2102 102.35 1.375
1269: 69.282 98.35 1.375
1270: 69.282 106.35 1.375
1271: 62.3538 102.35 1.375
1272: 62.3538 110.35 1.375
1273: 55.4256 106.35 1.375
1274: 55.4256 114.35 1.375
1275: 48.4974 110.35 1.375
1276: 48.4974 118.35 1.375
1277: 41.5692 114.35 1.375
1278: 41.5692 122.35 1.375
1279: 34.641 118.35 1.375
1280: 34.641 126.35 1.375
1281: 27.7128 122.35 1.375
1282: 27.7128 130.35 1.375
1283: 20.7846 126.35 1.375
1284: 20.7846 134.35 1.375
1285: 13.8564 130.35 1.375
1286: 13.8564 138.35 1.375
1287: 6.9282 134.35 1.375
1288: 6.9282 142.35 1.375
1289: 0 138.35 1.375
1290: 0 146.35 1.375
1291: -6.9282 142.35 1.375
1292: -6.9282 150.35 1.375
1293: -13.8564 146.35 1.375
1294: -13.8564 154.35 1.375
1295: -20.7846 150.35 1.375
1296: -20.7846 158.35 1.375
1297: -27.7128 154.35 1.375
1298: -27.7128 162.35 1.375
1299: -34.641 158.35 1.375
1300: -34.641 166.35 1.375
1301: -41.5692 162.35 1.375
1302: -41.5692 170.35 1.375
1303: -48.4974 166.35 1.375
1304: -48.4974 174.35 1.375
1305: -55.4256 170.35 1.375
1306: -55.4256 178.35 1.375
1307: -62.3538 174.35 1.375
1308: -62.3538 182.35 1.375
1309: -69.282 178.35 1.375
1310: -69.282 186.35 1.375
1311: -76.2102 182.35 1.375
1312: 131.636 78.35 1.375
1313: 131.636 86.35 1.375
1314: 124.708 82.35 1.375
1315: 124.708 90.35 1.375
1316: 117.779 86.35 1.375
1317: 117.779 94.35 1.375
1318: 110.851 90.35 1.375
1319: 110.851 98.35 1.375
1320: 103.923 94.35 1.375
1321: 103.923 102.35 1.375
1322: 96.9948 98.35 1.375
1323: 96.9948 106.35 1.375
1324: 90.0666 102.35 1.375
1325: 90.0666 110.35 1.375
1326: 83.1384 106.35 1.375
1327: 83.1384 114.35 1.375
1328: 76.2102 110.35 1.375
1329: 76.2102 118.35 1.375
1330: 69.282 114.35 1.375
1331: 69.282 122.35 1.375
1332: 62.3538 118.35 1.375
1333: 62.3538 126.35 1.375
1334: 55.4256 122.35 1.375
1335: 55.4256 130.35 1.375
1336: 48.4974 126.35 1.375
1337: 48.4974 134.35 1.375
1338: 41.5692 130.35 1.375
1339: 41.5692 138.35 1.375
1340: 34.641 134.35 1.375
1341: 34.641 142.35 1.375
1342: 27.7128 138.35 1.375
1343: 27.7128 146.35 1.375
1344: 20.7846 142.35 1.375
1345: 20.7846 150.35 1.375
1346: 13.8564 146.35 1.375
1347: 13.8564 154.35 1.375
1348: 6.9282 150.35 1.375
1349: 6.9282 158.35 1.375
1350: 0 154.35 1.375
1351: 0 162.35 1.375
1352: -6.9282 158.35 1.375
1353: -6.9282 166.35 1.375
1354: -13.8564 162.35 1.375
1355: -13.8564 170.35 1.375
1356: -20.7846 166.35 1.375
1357: -20.7846 174.35 1.375
1358: -27.7128 170.35 1.375
1359: -27.7128 178.35 1.375
1360: -34.641 174.35 1.375
1361: -34.641 182.35 1.375
1362: -41.5692 178.35 1.375
1363: -41.5692 186.35 1.375
1364: -48.4974 182.35 1.375
1365: -48.4974 190.35 1.375
1366: -55.4256 186.35 1.375
1367: -55.4256 194.35 1.375
1368: -62.3538 190.35 1.375
1369: 145.492 86.35 1.375
1370: 145.492 94.35 1.375
1371: 138.564 90.35 1.375
1372: 138.564 98.35 1.375
1373: 131.636 94.35 1.375
1374: 131.636 102.35 1.375
1375: 124.708 98.35 1.375
1376: 124.708 106.35 1.375
1377: 117.779 102.35 1.375
1378: 117.779 110.35 1.375
1379: 110.851 106.35 1.375
1380: 110.851 114.35 1.375
1381: 103.923 110.35 1.375
1382: 103.923 118.35 1.375
1383: 96.9948 114.35 1.375
1384: 96.9948 122.35 1.375
1385: 90.0666 118.35 1.375
1386: 90.0666 126.35 1.375
1387: 83.1384 122.35 1.375
1388: 83.1384 130.35 1.375
1389: 76.2102 126.35 1.375
1390: 76.2102 134.35 1.375
1391: 69.282 130.35 1.375
1392: 69.282 138.35 1.375
1393: 62.3538 134.35 1.375
1394: 62.3538 142.35 1.375
1395: 55.4256 138.35 1.375
1396: 55.4256 146.35 1.375
1397: 48.4974 142.35 1.375
1398: 48.4974 150.35 1.375
1399: 41.5692 146.35 1.375
1400: 41.5692 154.35 1.375
1401: 34.641 150.35 1.375
1402: 34.641 158.35 1.375
1403: 27.7128 154.35 1.375
1404: 27.7128 162.35 1.375
1405: 20.7846 158.35 1.375
1406: 20.7846 166.35 1.375
1407: 13.8564 162.35 1.375
1408: 13.8564 170.35 1.375
1409: 6.9282 166.35 1.375
1410: 6.9282 174.35 1.375
1411: 0 170.35 1.375
1412: 0 178.35 1.375
1413: -6.9282 174.35 1.375
1414: -6.9282 182.35 1.375
1415: -13.8564 178.35 1.375
1416: -13.8564 186.35 1.375
1417: -20.7846 182.35 1.375
1418: -20.7846 190.35 1.375
1419: -27.7128 186.35 1.375
1420: -27.7128 194.35 1.375
1421: -34.641 190.35 1.375
1422: -34.641 198.35 1.375
1423: -41.5692 194.35 1.375
1424: -41.5692 202.35 1.375
1425: -48.4974 198.35 1.375
1426: 159.349 94.35 1.375
1427: 159.349 102.35 1.375
1428: 152.42 98.35 1.375
1429: 152.42 106.35 1.375
1430: 145.492 102.35 1.375
1431: 145.492 110.35 1.375
1432: 138.564 106.35 1.375
1433: 138.564 114.35 1.375
1434: 131.636 110.35 1.375
1435: 131.636 118.35 1.375
1436: 124.708 114.35 1.375
1437: 124.708 122.35 1.375
1438: 117.779 118.35 1.375
1439: 117.779 126.35 1.375
1440: 110.851 122.35 1.375
1441: 110.851 130.35 1.375
1442: 103.923 126.35 1.375
1443: 103.923 134.35 1.375
1444: 96.9948 130.35 1.375
1445: 96.9948 138.35 1.375
1446: 90.0666 134.35 1.375
1447: 90.0666 142.35 1.375
1448: 83.1384 138.35 1.375
1449: 83.1384 146.35 1.375
1450: 76.2102 142.35 1.375
1451: 76.2102 150.35 1.375
1452: 69.282 146.35 1.375
1453: 69.282 154.35 1.375
1454: 62.3538 150.35 1.375
1455: 62.3538 158.35 1.375
1456: 55.4256 154.35 1.375
1457: 55.4256 162.35 1.375
1458: 48.4974 158.35 1.375
1459: 48.4974 166.35 1.375
1460: 41.5692 162.35 1.375
1461: 41.5692 170.35 1.375
1462: 34.641 166.35 1.375
1463: 34.641 174.35 1.375
1464: 27.7128 170.35 1.375
1465: 27.7128 178.35 1.375
1466: 20.7846 174.35 1.375
1467: 20.7846 182.35 1.375
1468: 13.8564 178.35 1.375
1469: 13.8564 186.35 1.375
1470: 6.9282 182.35 1.375
1471: 6.9282 190.35 1.375
1472: 0 186.35 1.375
1473: 0 194.35 1.375
1474: -6.9282 190.35 1.375
1475: -6.9282 198.35 1.375
1476: -13.8564 194.35 1.375
1477: -13.8564 202.35 1.375
1478: -20.7846 198.35 1.375
1479: -20.7846 206.35 1.375
1480: -27.7128 202.35 1.375
1481: -27.7128 210.35 1.375
1482: -34.641 206.35 1.375
1483: 173.205 102.35 1.375
1484: 173.205 110.35 1.375
1485: 166.277 106.35 1.375
1486: 166.277 114.35 1.375
1487: 159.349 110.35 1.375
1488: 159.349 118.35 1.375
1489: 152.42 114.35 1.375
1490: 152.42 122.35 1.375
1491: 145.492 118.35 1.375
1492: 145.492 126.35 1.375
1493: 138.564 122.35 1.375
1494: 138.564 130.35 1.375
1495: 131.636 126.35 1.375
1496: 131.636 134.35 1.375
1497: 124.708 130.35 1.375
1498: 124.708 138.35 1.375
1499: 117.779 134.35 1.375
1500: 117.779 142.35 1.375
1501: 110.851 138.35 1.375
1502: 110.851 146.35 1.375
1503: 103.923 142.35 1.375
1504: 103.923 150.35 1.375
1505: 96.9948 146.35 1.375
1506: 96.9948 154.35 1.375
1507: 90.0666 150.35 1.375
1508: 90.0666 158.35 1.375
1509: 83.1384 154.35 1.375
1510: 83.1384 162.35 1.375
1511: 76.2102 158.35 1.375
1512: 76.2102 166.35 1.375
1513: 69.282 162.35 1.375
1514: 69.282 170.35 1.375
1515: 62.3538 166.35 1.375
1516: 62.3538 174.35 1.375
1517: 55.4256 170.35 1.375
1518: 55.4256 178.35 1.375
1519: 48.4974 174.35 1.375
1520: 48.4974 182.35 1.375
1521: 41.5692 178.35 1.375
1522: 41.5692 186.35 1.375
1523: 34.641 182.35 1.375
1524: 34.641 190.35 1.375
1525: 27.7128 186.35 1.375
1526: 27.7128 194.35 1.375
1527: 20.7846 190.35 1.375
1528: 20.7846 198.35 1.375
1529: 13.8564 194.35 1.375
1530: 13.8564 202.35 1.375
1531: 6.9282 198.35 1.375
1532: 6.9282 206.35 1.375
1533: 0 202.35 1.375
1534: 0 210.35 1.375
1535: -6.9282 206.35 1.375
1536: -6.9282 214.35 1.375
1537: -13.8564 210.35 1.375
1538: -13.8564 218.35 1.375
1539: -20.7846 214.35 1.375
1540: 187.061 110.35 1.375
1541: 187.061 118.35 1.375
1542: 180.133 114.35 1.375
1543: 180.133 122.35 1.375
1544: 173.205 118.35 1.375
1545: 173.205 126.35 1.375
1546: 166.277 122.35 1.375
1547: 166.277 130.35 1.375
1548: 159.349 126.35 1.375
1549: 159.349 134.35 1.375
1550: 152.42 130.35 1.375
1551: 152.42 138.35 1.375
1552: 145.492 134.35 1.375
1553: 145.492 142.35 1.375
1554: 138.564 138.35 1.375
1555: 138.564 146.35 1.375
1556: 131.636 142.35 1.375
1557: 131.636 150.35 1.375
1558: 124.708 146.35 1.375
1559: 124.708 154.35 1.375
1560: 117.779 150.35 1.375
1561: 117.779 158.35 1.375
1562: 110.851 154.35 1.375
1563: 110.851 162.35 1.375
1564: 103.923 158.35 1.375
1565: 103.923 166.35 1.375
1566: 96.9948 162.35 1.375
1567: 96.9948 170.35 1.375
1568: 90.0666 166.35 1.375
1569: 90.0666 174.35 1.375
1570: 83.1384 170.35 1.375
1571: 83.1384 178.35 1.375
1572: 76.2102 174.35 1.375
1573: 76.2102 182.35 1.375
1574: 69.282 178.35 1.375
1575: 69.282 186.35 1.375
1576: 62.3538 182.35 1.375
1577: 62.3538 190.35 1.375
1578: 55.4256 186.35 1.375
1579: 55.4256 194.35 1.375
1580: 48.4974 190.35 1.375
1581: 48.4974 198.35 1.375
1582: 41.5692 194.35 1.375
1583: 41.5692 202.35 1.375
1584: 34.641 198.35 1.375
1585: 34.641 206.35 1.375
1586: 27.7128 202.35 1.375
1587: 27.7128 210.35 1.375
1588: 20.7846 206.35 1.375
1589: 20.7846 214.35 1.375
1590: 13.8564 210.35 1.375
1591: 13.8564 218.35 1.375
1592: 6.9282 214.35 1.375
1593: 6.9282 222.35 1.375
1594: 0 218.35 1.375
1595: 0 226.35 1.375
1596: -6.9282 222.35 1.375
1597: 0 -5.65 1.375
1598: 6.9282 -9.65 1.375
1599: 6.9282 -1.65 1.375
1600: 13.8564 -5.65 1.375
1601: 13.8564 2.35 1.375
1602: 20.7846 -1.65 1.375
1603: 20.7846 6.35 1.375
1604: 27.7128 2.35 1.375
1605: 27.7128 10.35 1.375
1606: 34.641 6.35 1.375
1607: 34.641 14.35 1.375
1608: 41.5692 10.35 1.375
1609: 41.5692 18.35 1.375
1610: 48.4974 14.35 1.375
1611: 48.4974 22.35 1.375
1612: 55.4256 18.35 1.375
1613: 55.4256 26.35 1.375
1614: 62.3538 22.35 1.375
1615: 62.3538 30.35 1.375
1616: 69.282 26.35 1.375
1617: 69.282 34.35 1.375
1618: 76.2102 30.35 1.375
1619: 76.2102 38.35 1.375
1620: 83.1384 34.35 1.375
1621: 83.1384 42.35 1.375
1622: 90.0666 38.35 1.375
1623: 90.0666 46.35 1.375
1624: 96.9948 42.35 1.375
1625: 96.9948 50.35 1.375
1626: 103.923 46.35 1.375
1627: 103.923 54.35 1.375
1628: 110.851 50.35 1.375
1629: 110.851 58.35 1.375
1630: 117.779 54.35 1.375
1631: 117.779 62.35 1.375
1632: 124.708 58.35 1.375
1633: 124.708 66.35 1.375
1634: 131.636 62.35 1.375
1635: 131.636 70.35 1.375
1636: 138.564 66.35 1.375
1637: 138.564 74.35 1.375
1638: 145.492 70.35 1.375
1639: 145.492 78.35 1.375
1640: 152.42 74.35 1.375
1641: 152.42 82.35 1.375
1642: 159.349 78.35 1.375
1643: 159.349 86.35 1.375
1644: 166.277 82.35 1.375
1645: 166.277 90.35 1.375
1646: 173.205 86.35 1.375
1647: 173.205 94.35 1.375
1648: 180.133 90.35 1.375
1649: 180.133 98.35 1.375
1650: 187.061 94.35 1.375
1651: 187.061 102.35 1.375
1652: 193.99 98.35 1.375
1653: 193.99 106.35 1.375
1654: 0 -21.65 1.375
1655: 6.9282 -25.65 1.375
1656: 6.9282 -17.65 1.375
1657: 13.8564 -21.65 1.375
1658: 13.8564 -13.65 1.375
1659: 20.7846 -17.65 1.375
1660: 20.7846 -9.65 1.375
1661: 27.7128 -13.65 1.375
1662: 27.7128 -5.65 1.375
1663: 34.641 -9.65 1.375
1664: 34.641 -1.65 1.375
1665: 41.5692 -5.65 1.375
1666: 41.5692 2.35 1.375
1667: 48.4974 -1.65 1.375
1668: 48.4974 6.35 1.375
1669: 55.4256 2.35 1.375
1670: 55.4256 10.35 1.375
1671: 62.3538 6.35 1.375
1672: 62.3538 14.35 1.375
1673: 69.282 10.35 1.375
1674: 69.282 18.35 1.375
1675: 76.2102 14.35 1.375
1676: 76.2102 22.35 1.375
1677: 83.1384 18.35 1.375
1678: 83.1384 26.35 1.375
1679: 90.0666 22.35 1.375
1680: 90.0666 30.35 1.375
1681: 96.9948 26.35 1.375
1682: 96.9948 34.35 1.375
1683: 103.923 30.35 1.375
1684: 103.923 38.35 1.375
1685: 110.851 34.35 1.375
1686: 110.851 42.35 1.375
1687: 117.779 38.35 1.375
1688: 117.779 46.35 1.375
1689: 124.708 42.35 1.375
1690: 124.708 50.35 1.375
1691: 131.636 46.35 1.375
1692: 131.636 54.35 1.375
1693: 138.564 50.35 1.375
1694: 138.564 58.35 1.375
1695: 145.492 54.35 1.375
1696: 145.492 62.35 1.375
1697: 152.42 58.35 1.375
1698: 152.42 66.35 1.375
1699: 159.349 62.35 1.375
1700: 159.349 70.35 1.375
1701: 166.277 66.35 1.375
1702: 166.277 74.35 1.375
1703: 173.205 70.35 1.375
1704: 173.205 78.35 1.375
1705: 180.133 74.35 1.375
1706: 180.133 82.35 1.375
1707: 187.061 78.35 1.375
1708: 187.061 86.35 1.375
1709: 193.99 82.35 1.375
1710: 193.99 90.35 1.375
1711: 0 -37.65 1.375
1712: 6.9282 -41.65 1.375
1713: 6.9282 -33.65 1.375
1714: 13.8564 -37.65 1.375
1715: 13.8564 -29.65 1.375
1716: 20.7846 -33.65 1.375
1717: 20.7846 -25.65 1.375
1718: 27.7128 -29.65 1.375
1719: 27.7128 -21.65 1.375
1720: 34.641 -25.65 1.375
1721: 34.641 -17.65 1.375
1722: 41.5692 -21.65 1.375
1723: 41.5692 -13.65 1.375
1724: 48.4974 -17.65 1.375
1725: 48.4974 -9.65 1.375
1726: 55.4256 -13.65 1.375
1727: 55.4256 -5.65 1.375
1728: 62.3538 -9.65 1.375
1729: 62.3538 -1.65 1.375
1730: 69.282 -5.65 1.375
1731: 69.282 2.35 1.375
1732: 76.2102 -1.65 1.375
1733: 76.2102 6.35 1.375
1734: 83.1384 2.35 1.375
1735: 83.1384 10.35 1.375
1736: 90.0666 6.35 1.375
1737: 90.0666 14.35 1.375
1738: 96.9948 10.35 1.375
1739: 96.9948 18.35 1.375
1740: 103.923 14.35 1.375
1741: 103.923 22.35 1.375
1742: 110.851 18.35 1.375
1743: 110.851 26.35 1.375
1744: 117.779 22.35 1.375
1745: 117.779 30.35 1.375
1746: 124.708 26.35 1.375
1747: 124.708 34.35 1.375
1748: 131.636 30.35 1.375
1749: 131.636 38.35 1.375
1750: 138.564 34.35 1.375
1751: 138.564 42.35 1.375
1752: 145.492 38.35 1.375
1753: 145.492 46.35 1.375
1754: 152.42 42.35 1.375
1755: 152.42 50.35 1.375
1756: 159.349 46.35 1.375
1757: 159.349 54.35 1.375
1758: 166.277 50.35 1.375
1759: 166.277 58.35 1.375
1760: 173.205 54.35 1.375
1761: 173.205 62.35 1.375
1762: 180.133 58.35 1.375
1763: 180.133 66.35 1.375
1764: 187.061 62.35 1.375
1765: 187.061 70.35 1.375
1766: 193.99 66.35 1.375
1767: 193.99 74.35 1.375
1768: 0 -53.65 1.375
1769: 6.9282 -57.65 1.375
1770: 6.9282 -49.65 1.375
1771: 13.8564 -53.65 1.375
1772: 13.8564 -45.65 1.375
1773: 20.7846 -49.65 1.375
1774: 20.7846 -41.65 1.375
1775: 27.7128 -45.65 1.375
1776: 27.7128 -37.65 1.375
1777: 34.641 -41.65 1.375
1778: 34.641 -33.65 1.375
1779: 41.5692 -37.65 1.375
1780: 41.5692 -29.65 1.375
1781: 48.4974 -33.65 1.375
1782: 48.4974 -25.65 1.375
1783: 55.4256 -29.65 1.375
1784: 55.4256 -21.65 1.375
1785: 62.3538 -25.65 1.375
1786: 62.3538 -17.65 1.375
1787: 69.282 -21.65 1.375
1788: 69.282 -13.65 1.375
1789: 76.2102 -17.65 1.375
1790: 76.2102 -9.65 1.375
1791: 83.1384 -13.65 1.375
1792: 83.1384 -5.65 1.375
1793: 90.0666 -9.65 1.375
1794: 90.0666 -1.65 1.375
1795: 96.9948 -5.65 1.375
1796: 96.9948 2.35 1.375
1797: 103.923 -1.65 1.375
1798: 103.923 6.35 1.375
1799: 110.851 2.35 1.375
1800: 110.851 10.35 1.375
1801: 117.779 6.35 1.375
1802: 117.779 14.35 1.375
1803: 124.708 10.35 1.375
1804: 124.708 18.35 1.375
1805: 131.636 14.35 1.375
1806: 131.636 22.35 1.375
1807: 138.564 18.35 1.375
1808: 138.564 26.35 1.375
1809: 145.492 22.35 1.375
1810: 145.492 30.35 1.375
1811: 152.42 26.35 1.375
1812: 152.42 34.35 1.375
1813: 159.349 30.35 1.375
1814: 159.349 38.35 1.375
1815: 166.277 34.35 1.375
1816: 166.277 42.35 1.375
1817: 173.205 38.35 1.375
1818: 173.205 46.35 1.375
1819: 180.133 42.35 1.375
1820: 180.133 50.35 1.375
1821: 187.061 46.35 1.375
1822: 187.061 54.35 1.375
1823: 193.99 50.35 1.375
1824: 193.99 58.35 1.375
1825: 0 -69.65 1.375
1826: 6.9282 -73.65 1.375
1827: 6.9282 -65.65 1.375
1828: 13.8564 -69.65 1.375
1829: 13.8564 -61.65 1.375
1830: 20.7846 -65.65 1.375
1831: 20.7846 -57.65 1.375
1832: 27.7128 -61.65 1.375
1833: 27.7128 -53.65 1.375
1834: 34.641 -57.65 1.375
1835: 34.641 -49.65 1.375
1836: 41.5692 -53.65 1.375
1837: 41.5692 -45.65 1.375
1838: 48.4974 -49.65 1.375
1839: 48.4974 -41.65 1.375
1840: 55.4256 -45.65 1.375
1841: 55.4256 -37.65 1.375
1842: 62.3538 -41.65 1.375
1843: 62.3538 -33.65 1.375
1844: 69.282 -37.65 1.375
1845: 69.282 -29.65 1.375
1846: 76.2102 -33.65 1.375
1847: 76.2102 -25.65 1.375
1848: 83.1384 -29.65 1.375
1849: 83.1384 -21.65 1.375
1850: 90.0666 -25.65 1.375
1851: 90.0666 -17.65 1.375
1852: 96.9948 -21.65 1.375
1853: 96.9948 -13.65 1.375
1854: 103.923 -17.65 1.375
1855: 103.923 -9.65 1.375
1856: 110.851 -13.65 1.375
1857: 110.851 -5.65 1.375
1858: 117.779 -9.65 1.375
1859: 117.779 -1.65 1.375
1860: 124.708 -5.65 1.375
1861: 124.708 2.35 1.375
1862: 131.636 -1.65 1.375
1863: 131.636 6.35 1.375
1864: 138.564 2.35 1.375
1865: 138.564 10.35 1.375
1866: 145.492 6.35 1.375
1867: 145.492 14.35 1.375
1868: 152.42 10.35 1.375
1869: 152.42 18.35 1.375
1870: 159.349 14.35 1.375
1871: 159.349 22.35 1.375
1872: 166.277 18.35 1.375
1873: 166.277 26.35 1.375
1874: 173.205 22.35 1.375
1875: 173.205 30.35 1.375
1876: 180.133 26.35 1.375
1877: 180.133 34.35 1.375
1878: 187.061 30.35 1.375
1879: 187.061 38.35 1.375
1880: 193.99 34.35 1.375
1881: 193.99 42.35 1.375
1882: 0 -85.65 1.375
1883: 6.9282 -89.65 1.375
1884: 6.9282 -81.65 1.375
1885: 13.8564 -85.65 1.375
1886: 13.8564 -77.65 1.375
1887: 20.7846 -81.65 1.375
1888: 20.7846 -73.65 1.375
1889: 27.7128 -77.65 1.375
1890: 27.7128 -69.65 1.375
1891: 34.641 -73.65 1.375
1892: 34.641 -65.65 1.375
1893: 41.5692 -69.65 1.375
1894: 41.5692 -61.65 1.375
1895: 48.4974 -65.65 1.375
1896: 48.4974 -57.65 1.375
1897: 55.4256 -61.65 1.375
1898: 55.4256 -53.65 1.375
1899: 62.3538 -57.65 1.375
1900: 62.3538 -49.65 1.375
1901: 69.282 -53.65 1.375
1902: 69.282 -45.65 1.375
1903: 76.2102 -49.65 1.375
1904: 76.2102 -41.65 1.375
1905: 83.1384 -45.65 1.375
1906: 83.1384 -37.65 1.375
1907: 90.0666 -41.65 1.375
1908: 90.0666 -33.65 1.375
1909: 96.9948 -37.65 1.375
1910: 96.9948 -29.65 1.375
1911: 103.923 -33.65 1.375
1912: 103.923 -25.65 1.375
1913: 110.851 -29.65 1.375
1914: 110.851 -21.65 1.375
1915: 117.779 -25.65 1.375
1916: 117.779 -17.65 1.375
1917: 124.708 -21.65 1.375
1918: 124.708 -13.65 1.375
1919: 131.636 -17.65 1.375
1920: 131.636 -9.65 1.375
1921: 138.564 -13.65 1.375
1922: 138.564 -5.65 1.375
1923: 145.492 -9.65 1.375
1924: 145.492 -1.65 1.375
1925: 152.42 -5.65 1.375
1926: 152.42 2.35 1.375
1927: 159.349 -1.65 1.375
1928: 159.349 6.35 1.375
1929: 166.277 2.35 1.375
1930: 166.277 10.35 1.375
1931: 173.205 6.35 1.375
1932: 173.205 14.35 1.375
1933: 180.133 10.35 1.375
1934: 180.133 18.35 1.375
1935: 187.061 14.35 1.375
1936: 187.061 22.35 1.375
1937: 193.99 18.35 1.375
1938: 193.99 26.35 1.375
1939: 0 -101.65 1.375
1940: 6.9282 -105.65 1.375
1941: 6.9282 -97.65 1.375
1942: 13.8564 -101.65 1.375
1943: 13.8564 -93.65 1.375
1944: 20.7846 -97.65 1.375
1945: 20.7846 -89.65 1.375
1946: 27.7128 -93.65 1.375
1947: 27.7128 -85.65 1.375
1948: 34.641 -89.65 1.375
1949: 34.641 -81.65 1.375
1950: 41.5692 -85.65 1.375
1951: 41.5692 -77.65 1.375
1952: 48.4974 -81.65 1.375
1953: 48.4974 -73.65 1.375
1954: 55.4256 -77.65 1.375
1955: 55.4256 -69.65 1.375
1956: 62.3538 -73.65 1.375
1957: 62.3538 -65.65 1.375
1958: 69.282 -69.65 1.375
1959: 69.282 -61.65 1.375
1960: 76.2102 -65.65 1.375
1961: 76.2102 -57.65 1.375
1962: 83.1384 -61.65 1.375
1963: 83.1384 -53.65 1.375
1964: 90.0666 -57.65 1.375
1965: 90.0666 -49.65 1.375
1966: 96.9948 -53.65 1.375
1967: 96.9948 -45.65 1.375
1968: 103.923 -49.65 1.375
1969: 103.923 -41.65 1.375
1970: 110.851 -45.65 1.375
1971: 110.851 -37.65 1.375
1972: 117.779 -41.65 1.375
1973: 117.779 -33.65 1.375
1974: 124.708 -37.65 1.375
1975: 124.708 -29.65 1.375
1976: 131.636 -33.65 1.375
1977: 131.636 -25.65 1.375
1978: 138.564 -29.65 1.375
1979: 138.564 -21.65 1.375
1980: 145.492 -25.65 1.375
1981: 145.492 -17.65 1.375
1982: 152.42 -21.65 1.375
1983: 152.42 -13.65 1.375
1984: 159.349 -17.65 1.375
1985: 159.349 -9.65 1.375
1986: 166.277 -13.65 1.375
1987: 166.277 -5.65 1.375
1988: 173.205 -9.65 1.375
1989: 173.205 -1.65 1.375
1990: 180.133 -5.65 1.375
1991: 180.133 2.35 1.375
1992: 187.061 -1.65 1.375
1993: 187.061 6.35 1.375
1994: 193.99 2.35 1.375
1995: 193.99 10.35 1.375
1996: 0 -117.65 1.375
1997: 6.9282 -121.65 1.375
1998: 6.9282 -113.65 1.375
1999: 13.8564 -117.65 1.375
2000: 13.8564 -109.65 1.375
2001: 20.7846 -113.65 1.375
2002: 20.7846 -105.65 1.375
2003: 27.7128 -109.65 1.375
2004: 27.7128 -101.65 1.375
2005: 34.641 -105.65 1.375
2006: 34.641 -97.65 1.375
2007: 41.5692 -101.65 1.375
2008: 41.5692 -93.65 1.375
2009: 48.4974 -97.65 1.375
2010: 48.4974 -89.65 1.375
2011: 55.4256 -93.65 1.375
2012: 55.4256 -85.65 1.375
2013: 62.3538 -89.65 1.375
2014: 62.3538 -81.65 1.375
2015: 69.282 -85.65 1.375
2016: 69.282 -77.65 1.375
2017: 76.2102 -81.65 1.375
2018: 76.2102 -73.65 1.375
2019: 83.1384 -77.65 1.375
2020: 83.1384 -69.65 1.375
2021: 90.0666 -73.65 1.375
2022: 90.0666 -65.65 1.375
2023: 96.9948 -69.65 1.375
2024: 96.9948 -61.65 1.375
2025: 103.923 -65.65 1.375
2026: 103.923 -57.65 1.375
2027: 110.851 -61.65 1.375
2028: 110.851 -53.65 1.375
2029: 117.779 -57.65 1.375
2030: 117.779 -49.65 1.375
2031: 124.708 -53.65 1.375
2032: 124.708 -45.65 1.375
2033: 131.636 -49.65 1.375
2034: 131.636 -41.65 1.375
2035: 138.564 -45.65 1.375
2036: 138.564 -37.65 1.375
2037: 145.492 -41.65 1.375
2038: 145.492 -33.65 1.375
2039: 152.42 -37.65 1.375
2040: 152.42 -29.65 1.375
2041: 159.349 -33.65 1.375
2042: 159.349 -25.65 1.375
2043: 166.277 -29.65 1.375
2044: 166.277 -21.65 1.375
2045: 173.205 -25.65 1.375
2046: 173.205 -17.65 1.375
2047: 180.133 -21.65 1.375
2048: 180.133 -13.65 1.375
2049: 187.061 -17.65 1.375
2050: 187.061 -9.65 1.375
2051: 193.99 -13.65 1.375
2052: 193.99 -5.65 1.375
2053: 0 -133.65 1.375
2054: 6.9282 -137.65 1.375
2055: 6.9282 -129.65 1.375
2056: 13.8564 -133.65 1.375
2057: 13.8564 -125.65 1.375
2058: 20.7846 -129.65 1.375
2059: 20.7846 -121.65 1.375
2060: 27.7128 -125.65 1.375
2061: 27.7128 -117.65 1.375
2062: 34.641 -121.65 1.375
2063: 34.641 -113.65 1.375
2064: 41.5692 -117.65 1.375
2065: 41.5692 -109.65 1.375
2066: 48.4974 -113.65 1.375
2067: 48.4974 -105.65 1.375
2068: 55.4256 -109.65 1.375
2069: 55.4256 -101.65 1.375
2070: 62.3538 -105.65 1.375
2071: 62.3538 -97.65 1.375
2072: 69.282 -101.65 1.375
2073: 69.282 -93.65 1.375
2074: 76.2102 -97.65 1.375
2075: 76.2102 -89.65 1.375
2076: 83.1384 -93.65 1.375
2077: 83.1384 -85.65 1.375
2078: 90.0666 -89.65 1.375
2079: 90.0666 -81.65 1.375
2080: 96.9948 -85.65 1.375
2081: 96.9948 -77.65 1.375
2082: 103.923 -81.65 1.375
2083: 103.923 -73.65 1.375
2084: 110.851 -77.65 1.375
2085: 110.851 -69.65 1.375
2086: 117.779 -73.65 1.375
2087: 117.779 -65.65 1.375
2088: 124.708 -69.65 1.375
2089: 124.708 -61.65 1.375
2090: 131.636 -65.65 1.375
2091: 131.636 -57.65 1.375
2092: 138.564 -61.65 1.375
2093: 138.564 -53.65 1.375
2094: 145.492 -57.65 1.375
2095: 145.492 -49.65 1.375
2096: 152.42 -53.65 1.375
2097: 152.42 -45.65 1.375
2098: 159.349 -49.65 1.375
2099: 159.349 -41.65 1.375
2100: 166.277 -45.65 1.375
2101: 166.277 -37.65 1.375
2102: 173.205 -41.65 1.375
2103: 173.205 -33.65 1.375
2104: 180.133 -37.65 1.375
2105: 180.133 -29.65 1.375
2106: 187.061 -33.65 1.375
2107: 187.061 -25.65 1.375
2108: 193.99 -29.65 1.375
2109: 193.99 -21.65 1.375
2110: 0 -149.65 1.375
2111: 6.9282 -153.65 1.375
2112: 6.9282 -145.65 1.375
2113: 13.8564 -149.65 1.375
2114: 13.8564 -141.65 1.375
2115: 20.7846 -145.65 1.375
2116: 20.7846 -137.65 1.375
2117: 27.7128 -141.65 1.375
2118: 27.7128 -133.65 1.375
2119: 34.641 -137.65 1.375
2120: 34.641 -129.65 1.375
2121: 41.5692 -133.65 1.375
2122: 41.5692 -125.65 1.375
2123: 48.4974 -129.65 1.375
2124: 48.4974 -121.65 1.375
2125: 55.4256 -125.65 1.375
2126: 55.4256 -117.65 1.375
2127: 62.3538 -121.65 1.375
2128: 62.3538 -113.65 1.375
2129: 69.282 -117.65 1.375
2130: 69.282 -109.65 1.375
2131: 76.2102 -113.65 1.375
2132: 76.2102 -105.65 1.375
2133: 83.1384 -109.65 1.375
2134: 83.1384 -101.65 1.375
2135: 90.0666 -105.65 1.375
2136: 90.0666 -97.65 1.375
2137: 96.9948 -101.65 1.375
2138: 96.9948 -93.65 1.375
2139: 103.923 -97.65 1.375
2140: 103.923 -89.65 1.375
2141: 110.851 -93.65 1.375
2142: 110.851 -85.65 1.375
2143: 117.779 -89.65 1.375
2144: 117.779 -81.65 1.375
2145: 124.708 -85.65 1.375
2146: 124.708 -77.65 1.375
2147: 131.636 -81.65 1.375
2148: 131.636 -73.65 1.375
2149: 138.564 -77.65 1.375
2150: 138.564 -69.65 1.375
2151: 145.492 -73.65 1.375
2152: 145.492 -65.65 1.375
2153: 152.42 -69.65 1.375
2154: 152.42 -61.65 1.375
2155: 159.349 -65.65 1.375
2156: 159.349 -57.65 1.375
2157: 166.277 -61.65 1.375
2158: 166.277 -53.65 1.375
2159: 173.205 -57.65 1.375
2160: 173.205 -49.65 1.375
2161: 180.133 -53.65 1.375
2162: 180.133 -45.65 1.375
2163: 187.061 -49.65 1.375
2164: 187.061 -41.65 1.375
2165: 193.99 -45.65 1.375
2166: 193.99 -37.65 1.375
2167: 0 -165.65 1.375
2168: 6.9282 -169.65 1.375
2169: 6.9282 -161.65 1.375
2170: 13.8564 -165.65 1.375
2171: 13.8564 -157.65 1.375
2172: 20.7846 -161.65 1.375
2173: 20.7846 -153.65 1.375
2174: 27.7128 -157.65 1.375
2175: 27.7128 -149.65 1.375
2176: 34.641 -153.65 1.375
2177: 34.641 -145.65 1.375
2178: 41.5692 -149.65 1.375
2179: 41.5692 -141.65 1.375
2180: 48.4974 -145.65 1.375
2181: 48.4974 -137.65 1.375
2182: 55.4256 -141.65 1.375
2183: 55.4256 -133.65 1.375
2184: 62.3538 -137.65 1.375
2185: 62.3538 -129.65 1.375
2186: 69.282 -133.65 1.375
2187: 69.282 -125.65 1.375
2188: 76.2102 -129.65 1.375
2189: 76.2102 -121.65 1.375
2190: 83.1384 -125.65 1.375
2191: 83.1384 -117.65 1.375
2192: 90.0666 -121.65 1.375
2193: 90.0666 -113.65 1.375
2194: 96.9948 -117.65 1.375
2195: 96.9948 -109.65 1.375
2196: 103.923 -113.65 1.375
2197: 103.923 -105.65 1.375
2198: 110.851 -109.65 1.375
2199: 110.851 -101.65 1.375
2200: 117.779 -105.65 1.375
2201: 117.779 -97.65 1.375
2202: 124.708 -101.65 1.375
2203: 124.708 -93.65 1.375
2204: 131.636 -97.65 1.375
2205: 131.636 -89.65 1.375
2206: 138.564 -93.65 1.375
2207: 138.564 -85.65 1.375
2208: 145.492 -89.65 1.375
2209: 145.492 -81.65 1.375
2210: 152.42 -85.65 1.375
2211: 152.42 -77.65 1.375
2212: 159.349 -81.65 1.375
2213: 159.349 -73.65 1.375
2214: 166.277 -77.65 1.375
2215: 166.277 -69.65 1.375
2216: 173.205 -73.65 1.375
2217: 173.205 -65.65 1.375
2218: 180.133 -69.65 1.375
2219: 180.133 -61.65 1.375
2220: 187.061 -65.65 1.375
2221: 187.061 -57.65 1.375
2222: 193.99 -61.65 1.375
2223: 193.99 -53.65 1.375
2224: 0 -181.65 1.375
2225: 6.9282 -185.65 1.375
2226: 6.9282 -177.65 1.375
2227: 13.8564 -181.65 1.375
2228: 13.8564 -173.65 1.375
2229: 20.7846 -177.65 1.375
2230: 20.7846 -169.65 1.375
2231: 27.7128 -173.65 1.375
2232: 27.7128 -165.65 1.375
2233: 34.641 -169.65 1.375
2234: 34.641 -161.65 1.375
2235: 41.5692 -165.65 1.375
2236: 41.5692 -157.65 1.375
2237: 48.4974 -161.65 1.375
2238: 48.4974 -153.65 1.375
2239: 55.4256 -157.65 1.375
2240: 55.4256 -149.65 1.375
2241: 62.3538 -153.65 1.375
2242: 62.3538 -145.65 1.375
2243: 69.282 -149.65 1.375
2244: 69.282 -141.65 1.375
2245: 76.2102 -145.65 1.375
2246: 76.2102 -137.65 1.375
2247: 83.1384 -141.65 1.375
2248: 83.1384 -133.65 1.375
2249: 90.0666 -137.65 1.375
2250: 90.0666 -129.65 1.375
2251: 96.9948 -133.65 1.375
2252: 96.9948 -125.65 1.375
2253: 103.923 -129.65 1.375
2254: 103.923 -121.65 1.375
2255: 110.851 -125.65 1.375
2256: 110.851 -117.65 1.375
2257: 117.779 -121.65 1.375
2258: 117.779 -113.65 1.375
2259: 124.708 -117.65 1.375
2260: 124.708 -109.65 1.375
2261: 131.636 -113.65 1.375
2262: 131.636 -105.65 1.375
2263: 138.564 -109.65 1.375
2264: 138.564 -101.65 1.375
2265: 145.492 -105.65 1.375
2266: 145.492 -97.65 1.375
2267: 152.42 -101.65 1.375
2268: 152.42 -93.65 1.375
2269: 159.349 -97.65 1.375
2270: 159.349 -89.65 1.375
2271: 166.277 -93.65 1.375
2272: 166.277 -85.65 1.375
2273: 173.205 -89.65 1.375
2274: 173.205 -81.65 1.375
2275: 180.133 -85.65 1.375
2276: 180.133 -77.65 1.375
2277: 187.061 -81.65 1.375
2278: 187.061 -73.65 1.375
2279: 193.99 -77.65 1.375
2280: 193.99 -69.65 1.375
2281: 0 -197.65 1.375
2282: 6.9282 -201.65 1.375
2283: 6.9282 -193.65 1.375
2284: 13.8564 -197.65 1.375
2285: 13.8564 -189.65 1.375
2286: 20.7846 -193.65 1.375
2287: 20.7846 -185.65 1.375
2288: 27.7128 -189.65 1.375
2289: 27.7128 -181.65 1.375
2290: 34.641 -185.65 1.375
2291: 34.641 -177.65 1.375
2292: 41.5692 -181.65 1.375
2293: 41.5692 -173.65 1.375
2294: 48.4974 -177.65 1.375
2295: 48.4974 -169.65 1.375
2296: 55.4256 -173.65 1.375
2297: 55.4256 -165.65 1.375
2298: 62.3538 -169.65 1.375
2299: 62.3538 -161.65 1.375
2300: 69.282 -165.65 1.375
2301: 69.282 -157.65 1.375
2302: 76.2102 -161.65 1.375
2303: 76.2102 -153.65 1.375
2304: 83.1384 -157.65 1.375
2305: 83.1384 -149.65 1.375
2306: 90.0666 -153.65 1.375
2307: 90.0666 -145.65 1.375
2308: 96.9948 -149.65 1.375
2309: 96.9948 -141.65 1.375
2310: 103.923 -145.65 1.375
2311: 103.923 -137.65 1.375
2312: 110.851 -141.65 1.375
2313: 110.851 -133.65 1.375
2314: 117.779 -137.65 1.375
2315: 117.779 -129.65 1.375
2316: 124.708 -133.65 1.375
2317: 124.708 -125.65 1.375
2318: 131.636 -129.65 1.375
2319: 131.636 -121.65 1.375
2320: 138.564 -125.65 1.375
2321: 138.564 -117.65 1.375
2322: 145.492 -121.65 1.375
2323: 145.492 -113.65 1.375
2324: 152.42 -117.65 1.375
2325: 152.42 -109.65 1.375
2326: 159.349 -113.65 1.375
2327: 159.349 -105.65 1.375
2328: 166.277 -109.65 1.375
2329: 166.277 -101.65 1.375
2330: 173.205 -105.65 1.375
2331: 173.205 -97.65 1.375
2332: 180.133 -101.65 1.375
2333: 180.133 -93.65 1.375
2334: 187.061 -97.65 1.375
2335: 187.061 -89.65 1.375
2336: 193.99 -93.65 1.375
2337: 193.99 -85.65 1.375
2338: 0 -213.65 1.375
2339: 6.9282 -217.65 1.375
2340: 6.9282 -209.65 1.375
2341: 13.8564 -213.65 1.375
2342: 13.8564 -205.65 1.375
2343: 20.7846 -209.65 1.375
2344: 20.7846 -201.65 1.375
2345: 27.7128 -205.65 1.375
2346: 27.7128 -197.65 1.375
2347: 34.641 -201.65 1.375
2348: 34.641 -193.65 1.375
2349: 41.5692 -197.65 1.375
2350: 41.5692 -189.65 1.375
2351: 48.4974 -193.65 1.375
2352: 48.4974 -185.65 1.375
2353: 55.4256 -189.65 1.375
2354: 55.4256 -181.65 1.375
2355: 62.3538 -185.65 1.375
2356: 62.3538 -177.65 1.375
2357: 69.282 -181.65 1.375
2358: 69.282 -173.65 1.375
2359: 76.2102 -177.65 1.375
2360: 76.2102 -169.65 1.375
2361: 83.1384 -173.65 1.375
2362: 83.1384 -165.65 1.375
2363: 90.0666 -169.65 1.375
2364: 90.0666 -161.65 1.375
2365: 96.9948 -165.65 1.375
2366: 96.9948 -157.65 1.375
2367: 103.923 -161.65 1.375
2368: 103.923 -153.65 1.375
2369: 110.851 -157.65 1.375
2370: 110.851 -149.65 1.375
2371: 117.779 -153.65 1.375
2372: 117.779 -145.65 1.375
2373: 124.708 -149.65 1.375
2374: 124.708 -141.65 1.375
2375: 131.636 -145.65 1.375
2376: 131.636 -137.65 1.375
2377: 138.564 -141.65 1.375
2378: 138.564 -133.65 1.375
2379: 145.492 -137.65 1.375
2380: 145.492 -129.65 1.375
2381: 152.42 -133.65 1.375
2382: 152.42 -125.65 1.375
2383: 159.349 -129.65 1.375
2384: 159.349 -121.65 1.375
2385: 166.277 -125.65 1.375
2386: 166.277 -117.65 1.375
2387: 173.205 -121.65 1.375
2388: 173.205 -113.65 1.375
2389: 180.133 -117.65 1.375
2390: 180.133 -109.65 1.375
2391: 187.061 -113.65 1.375
2392: 187.061 -105.65 1.375
2393: 193.99 -109.65 1.375
2394: 193.99 -101.65 1.375
